== floor
0000000000020000
0000010000020000
0000000000020000
2222222222222222
0002000000000000
0002000001000000
0002000000000000
2222222222222222
0000000000200000
0010000000200000
0000000000200000
2222222222222222
0000020000000000
0000020000000100
0000020000000000
2222222222222222

== wall
3333333333333333
3333333333333333
3363333333633333
3333333333333333
3333333333333333
3333336333333336
3333333333333333
3333333333333333
3363333333633333
3333333333333333
5555555555555555
4444444444444444
4444444444444444
4444444444444444
4444444444444444
5555555555555555

== window
5555555555555555
5888888888888885
5888888888888885
5888888888888885
5888888888888885
5888888888888885
5888888888888885
5888888888888885
5888888888888885
5888888888888885
5555555555555555
4444444444444444
4444444444444444
4444444444444444
4444444444444444
5555555555555555

== door
5555555555555555
5999999999999995
5944444444444495
5949999999999495
5949999999999495
5949999999999495
5949999999999495
59499999999a9495
59499999999a9495
5949999999999495
5949999999999495
5949999999999495
5949999999999495
5944444444444495
5999999999999995
5555555555555555

== board
3333333333333333
3555555555555553
35bbbbbbbbbbbb53
35bcbbccbbbbbb53
35bbbbbbbbcbbb53
35bccbbbcccbbb53
35bbbbbbbbbbbb53
35bbcbbbbccbbb53
35bbbbbbbbbbbb53
3555555555555553
5555555555555555
4444444444444444
4444444444444444
4444444444444444
4444444444444444
5555555555555555
